140836
116072
130812
116680
0
0
0
86096
0
126852
117024
0
95156
143344
84796
0
0
0
0
0
0
116676
136444
116048
120068
248192
343360
0
305296
234720
0
239404
0
0
102560
105600
0
0
273708
380424
239884
0
0
0
0
152
122760
107708
148424
0
102624
68712
219840
0
85776
80992
0
0
0
0
0
0
102776
108476
120648
0
135636
232604
270560
265976
556244
990512
1188892
2005808
1386112
1529828
2964176
2402916
2652844
3204568
2897364
943408
958732
1011976
1267196
2174004
2299968
2874524
2141392
2439544
2818272
2896196
2183464
2134404
3078376
2695960
2131772
2324368
2908344
2055816
2588872
3933816
2655352
2821572
3324604
2979272
3905468
2793392
3500128
2978048
2954888
3380016
2794124
3595384
2854620
2842576
3122928
2872172
3982804
2634300
3337948
2582928
3169640
3853060
2770268
3634244
2447844
2986704
3645104
2770404
2902184
3127932
3846056
2490024
2225800
3019540
3833044
2671676
2201376
2578512
3610700
2887456
3980964
2311344
3880088
3024032
3311988
3587980
2476344
3518660
3332412
3373608
3601576
2721888
3591008
3275152
3120496
3531480
2840096
2949928
3142896
2179264
3194280
3107036
1447040
1389404
3619980
2281044
2230024
2442096
2389980
3911420
2818084
2285244
3962432
3789868
3840232
2411656
3093800
2643004
2709568
2191892
1973344
2638860
4159560
2166684
2872284
3801344
2627496
3811296
2946304
2752732
3131096
2109832
3127872
3515268
2755932
3447448
3404336
2577860
4161424
2705584
2636792
3984616
2590044
3460284
3455564
2457008
3433600
2548452
3602644
2983092
2452500
3970312
2841384
3638724
2448328
2357416
3461080
2419964
3272156
3499084
2472688
3999504
2701228
1913224
2267416
2956520
2756904
2708424
2501892
3834904
1600568
672656
1606224
1435732
2327804
3394364
1456732
2299808
4159588
2842020
3945492
4512060
4256568
2038920
2090604
1763652
1876844
1708356
2354048
755284
771264
793288
992776
1216684
1223652
1233100
1119296
1300820
2226480
1225296
1574772
1331000
1555548
1278124
1440848
935904
1383528
2048176
3821728
2767612
3212972
2085692
2175556
2623244
1752460
1458236
3840804
2581768
3223144
2040768
1859488
1821768
2398212
2541276
1510948
1540880
1139680
394848
1296240
1591376
1799204
1657400
1114520
1782556
1133912
930964
932724
1024824
1459224
1380272
1811856
1020096
1241080
1494192
1425092
2231924
3836916
2631116
2197476
2214128
1671420
1991832
1994316
2130956
1085832
1565864
929064
916828
1022376
1281764
1239508
1506024
1890696
1100340
1316168
1356172
1861760
1789780
3559956
3173560
2169984
2638428
1660728
1928672
2541528
1877504
1156892
2506736
3049632
2787756
2186052
3327668
2043836
1899844
1445540
1073380
709416
1025776
1727520
1115192
937088
1797948
1611296
1543520
1929820
1575388
1734428
1915456
1659916
2680712
3560012
3003184
1954084
2335860
2061224
772124
913008
2199360
2740012
1200820
1289452
1586964
1626784
3086372
3897764
2200996
2335808
2070148
3077236
3485428
2529596
2392416
3026104
3246880
2616340
2542740
3045756
1869796
2047344
2108104
2743636
3933448
2401864
2183952
1733956
1133968
630712
1595556
2409696
1469576
1185720
1572984
1414504
810536
755300
1700728
2033904
1990840
2709940
3247364
2012620
2803684
2467964
2505104
4323536
2333340
2720704
2665788
4170716
3192672
2737412
2980468
1971344
1308828
784160
831916
1798128
3954128
2791056
2634212
1665604
1992116
2282652
1011248
1760588
2845592
2316696
1582616
1595720
1973584
1409724
1603476
1996280
1837728
2061440
2572680
1597948
1698984
1163572
829512
826144
825372
1002252
1102144
1127264
1061752
1211476
1905508
1123060
1072376
1186404
1327364
932664
1042500
859780
711456
992372
1058580
907036
965252
1018400
1275048
1186416
1220952
2019552
497492
1879620
2177380
2788488
2318240
1995404
2361832
2257540
2416640
1963360
1914284
2674896
2005304
2318044
2171844
2368980
1941400
1977112
1813200
1252948
1404572
1119140
1241944
812576
1590164
1961356
1543684
1198120
1468268
1458800
1862692
1536540
2029376
1910312
2098280
1652168
1724404
1494852
1446964
1559728
1384288
1553640
1577444
1652616
1819456
2060728
1708624
1300544
3445880
3263084
1832584
1939340
1524564
1118952
1443692
1596008
1716740
1732816
1219768
2295688
2593688
4394876
1548932
1710396
2404128
2188352
1762208
280552
286996
1753812
2048704
1616240
553716
404704
1222156
2562820
2065884
1429232
2496212
1433100
2401272
2271848
2487172
1872716
1474024
2623408
1711704
2780296
1202584
1776416
1277140
1857052
3103212
3744276
1990344
2375964
3010680
2019696
1740344
2434096
2049188
1969672
801116
1799976
2535160
992436
1478352
1903844
1885172
1939324
1386340
1361604
1012608
1057192
934456
1011680
1238964
2074004
3947384
2100928
2584692
2515472
2278860
1734896
1927644
941040
1705912
1552444
2063672
1287352
1440284
1001952
1119596
1064232
994980
1028912
995376
1039136
1202364
1129524
1440968
3001036
3507848
1691032
2866748
2294456
2342236
1705236
1900300
1033388
1459672
1944808
1542940
1038952
1331916
2945296
3518120
2260932
2305996
2470836
1720292
1911416
1673736
1919528
1781400
1239320
1193564
1572264
1346632
1095340
1180780
1227676
1122804
1309732
1330460
1268432
1736440
1173620
1555564
2067732
1912212
1194736
1080352
1874880
1437000
1495460
1825936
1244020
1260836
1325432
1400308
1867456
1662604
1883580
1809404
1061176
1480384
2128544
3708124
2477640
1478896
2746100
2408684
2514200
1828788
1782260
1877712
2020084
1668760
1644052
1379532
1058848
1420580
1295112
1372304
2826688
3583912
1764944
2765576
2311536
2461068
1807632
1772116
1537468
1146336
1013644
958240
2043808
3393896
2352876
2604272
2234964
2902052
3133264
2392236
2109052
2648532
2885996
412284
1497480
2365064
2141240
1431148
1886352
1361828
1591524
1974084
1349212
774876
1218016
1951036
1869276
1573172
1207736
1431712
1693796
1146740
1093508
1257044
1033100
1145500
988352
1037348
1123164
1080764
1218520
1012036
1179740
1341392
1100560
1501684
1649216
1571820
2805472
3931808
1591912
2519760
2390648
2506448
1664072
2012228
2149392
2716040
4209572
2414916
2472484
1938108
1993648
2194260
2157564
2444332
4044880
2392960
1857564
2346828
1701500
2101420
1759516
2730488
2255704
1857724
2061800
1957276
2090236
1311912
1421644
1647500
1450716
1494440
2045984
1138420
960100
1636272
1770980
1414412
1900392
1619224
1422364
2415868
2003312
1397976
1503184
1860624
2010972
2237024
1805724
2049228
1674196
2878152
2075684
1912872
2396228
1762588
1640276
1808840
2230920
2329788
2804188
1858352
1693588
1551072
1621784
2667120
1906272
1598456
1639700
2003488
2340360
2221692
2073828
1964552
2109572
1841632
2061300
1829164
2382320
2023272
1698908
2651496
2121928
2552500
1825624
2041820
3273160
2168676
2167268
1817556
2405020
2392444
2223860
1959344
1699228
1579284
2332800
2212692
3692300
3320204
1506044
1820456
2656036
2350912
2318940
1774584
2212356
2271192
2626604
1654040
1290856
1147416
1292260
1085176
1377284
3654316
3184524
2536524
2508220
1891588
1705436
2095976
2291660
2087132
1641248
1371584
1039352
1499216
2144156
4023184
2511088
2035824
2480212
1659852
2052488
2133632
2628540
2804064
2294076
2743116
1786996
1260280
1519464
1253696
1151408
1123444
1164676
1115136
1122324
1102620
1209676
1840920
1313420
1999772
990088
1327284
1521044
1406016
1908168
3550204
3456516
2051932
2230332
2324224
1581232
1983072
2122632
2111208
1555464
1269680
1135896
1342180
3482440
3128996
2599524
2651996
1678116
1859200
1799036
1516212
1026752
3365444
3471516
2176912
2336204
1540884
1961796
1047444
2796628
3666480
2295552
2493844
1713692
1982300
2910460
3667240
2304512
2556484
1460892
1048948
1929988
2260328
3037808
3796792
1699176
1027356
1359420
1634288
1783056
1844552
1983836
1918956
2492964
2554100
1874896
2376292
2405164
1804908
1887084
1851968
1622348
1139476
1638768
1140316
970848
974468
1061400
981060
1055196
1182220
1218000
1411824
1165416
1237028
1214844
1169068
1120696
2225104
3877224
2723212
2299576
2291712
1711140
1828460
1932676
1217460
1475028
1235644
1310384
1517544
1895860
1102488
1260880
1418008
1781084
1807152
2172892
3841952
2743144
2479692
2199072
1662364
1981048
1806096
1862728
2168068
1200708
1636960
1701696
1243224
961140
794980
844648
859976
939616
877516
1578056
1399584
1452292
2023936
1766152
1253164
1608728
2968376
1695044
1366276
1458432
1684144
1617776
1952916
1383308
2184168
2164216
1908064
2644136
2080260
1813692
2197540
1856072
3556760
3098328
2254256
2637072
2733784
2170068
1963484
1488820
3162008
3758576
3416344
2712416
2539068
2240264
1937472
2313568
2025176
2422356
4068812
2591460
2691028
1939876
2135184
2743024
1792992
1700536
1971980
2830748
1696692
1731424
1708996
2319608
1650716
2260724
1577000
1230388
1187928
1225112
1069708
1741568
1236172
990368
1152304
1034144
1036636
1052368
988252
965636
1141936
1080924
1068864
1303896
1466628
1095816
1661156
1495948
1184468
1475604
1526112
1702324
1339512
2057900
1542428
1455240
1597472
1477660
2043572
1660220
2189368
1916976
1439932
1158224
1217828
1309264
1276312
1831712
1267184
1377912
1799664
1896100
3463112
3493064
2072240
2200028
2610560
2368960
2139660
1870404
1937500
1432404
2706780
1961756
1930484
2195744
1673992
2013220
2031400
1556668
1355044
1324612
1388516
1740228
1210364
964036
1027604
1370136
1278440
1136148
1045848
1132912
1106860
1092212
970472
977564
930452
941704
1267832
1113928
1038580
1024324
1101240
1044204
1088388
1039304
1119800
1175004
1378524
1053436
1496204
1489004
1242084
1467652
1065064
1508436
1365044
2766576
3812184
2063748
2014176
2544620
1007048
973396
1699004
1742524
2091612
2291168
1474588
1208088
1462068
1291568
1594472
1072616
1189916
1049176
1233900
1356036
1375300
1073548
2492120
3761828
2455256
2302724
2656052
2017376
2017992
1464320
1875012
2138064
2944632
1738520
1956992
1923608
2179876
1759944
1176440
1347884
1248456
1742344
3719000
3207388
2738672
2290012
1912000
1946920
1949484
2757672
1676908
1990564
2126328
2301996
1642508
1285572
1457836
3524924
3484120
2394268
2806028
2041596
2128856
2228700
2501164
1939924
1603544
2065660
1326692
1148780
1605968
1228800
967308
1217740
1243672
1125440
1247180
1210876
1016096
1558872
1449004
1013808
1539208
1773368
2470972
3859160
2601748
2929768
1902884
1996304
2590260
1714696
1915784
1614772
1382684
1030756
1093040
1503868
1011184
1539004
2778576
3765424
2527856
2967520
2016276
2193808
2665084
1811432
1607952
1786192
1673320
2127912
2090928
1206276
1246128
1302296
1833912
966332
871772
942988
1046528
988328
968716
896136
1740328
1549012
1351660
2027212
1553500
1296988
2744536
1552504
1908696
1676488
2052172
1993808
1996788
1922872
1524068
2335124
2259952
2143884
2376868
1735368
3261636
3122352
2753812
2788624
2462948
2095352
2619096
1856844
1630480
1856192
1455384
2438260
1086120
1436444
1231204
905660
911016
1085588
1435692
1367820
2003804
1285112
1696456
1274448
1937944
1861528
3647368
3098608
2637072
2066244
1823944
2213140
2605512
1699728
1718028
1598160
2110648
1812608
1252972
1255924
1643996
1344008
1447180
1226368
1315524
1089068
1077928
1027576
1226692
1408304
1393916
1386892
1265084
1451236
1286448
2045088
1099960
1359700
1660696
1526928
2127444
1899308
1768172
3298900
3335860
2710584
2891616
2248872
2144216
2654852
1724456
1727108
1334156
773828
2278816
1876328
1955644
2331184
1394040
1432872
2251368
1931652
2255460
1470272
1815880
1096796
1951248
1351136
1426836
1936712
1768456
3584620
3565776
2956756
3226072
4703552
3037788
5439496
5168984
4449912
5975992
6364996
3373624
946220
1920344
2280232
2605676
2004436
2600108
2601376
2593652
2425220
2521256
2226088
1531508
1186676
1111684
3119908
3903388
2749928
3416724
2901580
4646380
5423692
6216840
5865324
6484176
4800272
1036152
2132064
2381436
2436596
1833148
2056904
2345832
1701980
1657028
1124744
1163360
1335024
1029060
1438076
1844052
3890000
2532300
2843512
2069404
2056756
1767240
2107100
2559368
2430400
2052292
3047696
3567780
3309732
2832116
2456816
2662016
2146652
2008424
1804600
2646084
2204548
2086272
2424056
2555184
2270540
2504308
1660780
1852832
1522284
2041600
2113136
2499984
2558584
2088880
2266108
2092532
1502064
2093692
2017324
1966840
2117736
2483564
1551620
2217004
1895436
1375388
1394720
1065160
1820232
2174812
1655168
4074816
2876156
2205136
2209260
1698940
1472856
1205804
1390412
1501580
1415196
1477572
1656500
2057432
2226500
1813640
1392808
1718296
1525112
1792940
1796688
1710544
1574804
1646820
1605168
1474120
2095156
1204084
2077204
2754500
1761772
2029000
3985008
2958736
1179460
1366256
2263872
967000
1082204
1051708
1170172
1049788
1266800
1647944
1322588
1693012
1458316
1190960
1359228
2160396
1867864
1608648
1274396
1302360
1824732
2508540
3192776
2019652
2145072
3826088
4514720
4624388
4795768
4884216
4923232
4683960
2386060
3306540
3057500
2492944
2510088
2185188
2199212
1865220
1307624
1922792
1735304
2000480
1958724
1895220
1772336
1922732
1963596
1581160
1810152
1797636
1974792
2087684
1515912
1661888
1766336
1895812
1850852
1965080
1994568
1929648
4736088
2015660
1786140
1537280
1901288
2078688
2013308
1826424
1985004
1609568
1880844
2183200
2013072
2630552
2500536
1662400
2157760
1671776
1744704
2418324
4224040
3795232
2687176
2247152
2330240
2621384
1935152
1987804
2683808
2222908
2341016
2237884
2188468
2424992
2341576
2402384
2366092
3251256
1912924
2307292
3538948
4088204
4441060
2367404
2666540
2028888
2055912
2171568
1349016
2003564
1933244
2118112
1831616
1993932
1787936
2445720
2446148
2073664
3749912
3654620
3635088
2339960
2433116
2742148
2199900
1963568
1919776
2651268
2112504
2411864
2420284
2552980
2036104
2551004
2335020
2380736
1881244
2595540
2268836
2349864
2183332
2527848
2321152
1474800
1970772
1938248
2309116
2240968
2119312
2120616
2005668
2189492
2557020
4272772
2382092
2303796
2395220
2471772
2113932
1290300
1851800
1510528
1476036
1463772
1000024
1285032
1749080
1605812
1872600
1956936
2115844
1898912
1219416
1518392
1958972
1566664
1784528
2381924
2227336
2081684
1070420
1622568
2113372
1944652
1948220
1656552
1978124
2204104
1805464
1861020
1483116
2055256
1391100
1198988
1913888
2068692
2093444
2122892
2048916
2273952
2502696
2154980
2611896
2801268
1487620
3606944
4731160
1368576
1668368
1074152
1255884
1136244
1373644
1346148
1139988
1255648
1217120
1599988
1824876
1775012
1260132
1329708
1352252
1189444
2487808
3125096
2960228
2021156
2458288
4475708
4324788
4932324
4654548
4054076
3248168
2679168
2367876
2020052
2131656
1846396
1275464
2180112
1809256
2260096
2133928
1985804
2097540
1942756
1597776
2331172
2274328
1814368
1843868
1894176
1951620
1960652
1829108
1892656
1747220
1639272
2778656
3579860
1887528
1710876
1999612
1975704
2138440
1722924
1781572
1949060
2151896
1986740
1810076
1972836
1694276
1724536
1980344
1853244
2169912
1881372
1863940
1687832
2057808
1771544
1855292
2716960
3058444
2126584
4091112
3879156
2901400
2297412
2447348
2448180
2079972
1803372
1875460
2683048
2218672
2189248
2306392
2449240
2351284
2162072
2250416
2377776
2527208
2063268
2081008
2327544
2494884
2475176
2554904
2149740
2062280
2456436
2500728
2284656
2448180
2211904
2318660
3193676
4263272
2401112
2455052
2566828
2311920
2755932
2482772
2648240
2999432
3999480
1435480
1755768
1153696
1429328
1255236
1433692
1813152
1285980
1212444
2187956
2707408
2109544
2839092
3967100
4625424
4653800
4063420
3175456
2577408
3349104
3238588
2549124
2090816
2348812
2416732
1820540
1787440
2550432
2155892
2009100
2009416
2284248
2293600
2434540
2228464
2414044
2550056
2549724
2161600
2681828
2677972
2302364
2424888
2285056
2218404
2250444
2548004
2487732
2483748
2165428
2472376
2582812
4452416
2371032
2387332
2401232
2248728
2476360
2826776
2794876
3854964
2744884
1276416
1490016
1819916
1262268
1266620
2571544
2450588
2609412
3944108
4829736
5092896
4516316
3175744
2492904
3862068
3106816
2464676
2097008
1906496
2278212
2223184
1900544
1689784
2737804
2277120
2127340
2335948
2001472
2348436
2143560
2587444
2539680
2359388
2174808
2630572
2662792
2477864
2556308
2534672
2115048
2036440
2361244
2512864
2545140
2320544
2328828
2306248
2955676
4508148
2385536
2508592
2581152
2351928
2516860
2782976
2736800
3591388
2823344
1632384
1157388
1282924
1338708
1157568
1566620
1882408
1267720
1199008
2229336
2248068
2179448
3000412
4422004
4449132
4894096
4401892
2789756
2312604
2771076
3629560
3010876
2105020
2290384
2272340
2070864
1817264
1838376
2586936
2353652
2057512
2255564
2168912
2381744
2316060
2166356
2419492
2462752
2409152
2133112
2203388
2570468
2067940
1992608
2308308
2334504
2853396
2343892
2424384
2500916
2345012
2337156
2505184
3727568
3659716
2469100
2389440
1759864
2536204
2833408
1891160
4051048
2519916
1353608
1673080
1521544
1127372
1066956
1118264
1280608
1115628
1314172
1373080
1164200
1399696
1270700
1877076
1392652
1318516
2278652
2964532
2151576
3177864
4197444
4419692
4945380
4540400
3931452
3236016
2620876
3228816
3408948
2740356
2046204
2434268
2323972
1986772
1845352
2561504
2118720
2209572
2319888
2126860
2055684
2888248
1271076
1278420
1056616
1568988
1791764
2160116
3275348
4577544
4432008
4171032
3358116
2333620
3296516
3498692
2656332
1940972
2091996
2410844
2053964
1768592
2148568
2751496
2127076
2119768
2229468
1947476
2448960
2374368
2691364
2620056
2408000
2159572
2175108
2342072
2249764
2395980
2511520
2467196
2319552
2590868
2500816
2308508
2027812
2404080
2372304
2515504
3137200
4276484
2391328
2204088
2080540
2198800
3174176
3810924
1763280
1304296
1952388
2688128
2088256
3246196
4502636
4057328
2824128
2609896
2235652
2138700
2183068
1619508
1243812
2678068
1861544
1881264
1696328
2001024
1893228
2427744
2075796
1672512
2085400
2116756
2089560
1973100
1909668
2049932
2067004
1959128
1921576
1903852
1853768
3815652
2357952
1903920
2145516
2767392
2279160
1820356
2196980
2829860
1805232
2033508
2038400
1495232
1321748
1524388
1203228
998760
1329284
1109204
991632
1021388
1104120
1975880
3661960
2963492
2495612
3665488
1829800
2380792
1648740
1387564
1551076
1899664
2630332
2533180
2070328
2625020
4310364
3051264
3682148
3163448
2148648
1790556
2095100
2046448
3421276
3090004
3377016
2641040
3524372
2485508
3727008
2295288
1940208
3251372
3524068
3326528
2295704
2540648
2588356
2055228
1906332
1943080
2664972
2193220
2295212
2267348
2305852
2139316
2594164
2269580
2292764
2102896
2017872
2898132
2327124
2220516
2091956
2423948
2418572
2676060
2224244
2008596
2205224
2132520
2348616
2186760
2764896
4334052
2070988
2139924
2272552
2447808
2252416
1993268
2380420
2313136
3948540
2168788
1793468
1080040
934960
1118940
1533432
1722116
1268124
2147692
2636944
2161404
2857856
2500640
2409984
3578632
3004956
3030180
2260720
2370760
3192064
3225328
2357016
2115880
2380964
2649340
2092364
1901296
1833792
2783444
2141972
2539172
2271356
2514364
2163876
2400300
2532608
2173988
2174644
1927428
2857820
2440836
2372556
2229268
2442248
2556412
2406928
2561008
2115140
2083176
2390744
2471400
2151416
2250888
4543684
2286620
1797964
2287680
3561956
2642760
1650640
1248324
1328048
1211092
1307428
1086712
1335476
1258488
1150008
1458972
1816696
1286008
1961008
2576988
2065588
2700008
2727180
2473832
2140956
2184192
1989012
1430048
1710128
1728224
2396676
2076072
2096688
2115268
2057772
2102324
1836960
2121068
2307100
1940436
1844088
1897292
2040956
1796456
2086372
2009992
1717496
1711324
4246008
1825624
2214584
2448264
2679188
2170252
4061540
3092276
3053096
2517308
3262024
4188260
2576268
2276152
2621460
2476048
2097860
2000272
2671268
2249068
2230124
2607840
2406824
2177784
2426660
2525040
2332968
2075316
2035772
2699204
2167572
3387012
3674112
1882520
1491260
2483848
2134832
2521232
2692112
2052736
2216580
2415968
1589680
1247400
2004700
2195204
2139828
2339232
2006968
2076388
2174384
1683532
2442212
1967528
2563280
2559880
2880040
2279800
1996480
4055332
2417368
2629676
2703432
2731584
3511316
2844080
2460196
2248208
2328144
2317236
1912788
1898176
2718400
2326884
2432708
2274756
2610756
2202560
2341380
2027900
2244684
2523588
2639948
2746724
2579672
2247244
2381992
2507840
2760072
2467100
2188804
2002948
2244312
2429768
2196052
2238784
3122460
3973156
2593860
3711900
3582700
3139868
1660628
1051928
1173396
1265644
1351360
1330944
1280624
1743196
1465892
1949492
2575628
2120740
3269520
2901824
2578168
2451904
1506092
2923984
3319120
2274380
2815784
2207192
3661000
3319040
3068884
2500464
2148968
2254220
1976820
1904188
2620356
2470052
2123868
2407352
2495180
2478948
2246568
2275908
2047188
2620104
2422480
2913568
2705220
2329428
2314228
2475260
2555052
2674920
2592548
2116532
2124740
2286640
2436676
2300156
2259252
4208180
3095612
2077332
2436312
3625952
3251900
4424708
1690700
1591144
1223104
1425140
1404296
1217172
1190012
1522604
1338716
1489368
1660528
1071696
1070944
1103696
1607884
1735028
1315824
1342336
2773212
2365900
2273044
2298388
2569440
2231068
2237996
2176984
1356960
2110496
2164608
2058700
2126112
2010420
1931200
1781724
2290692
2127140
2377940
2349488
1907032
1794940
1985892
1960264
1838100
1675160
1709052
1938112
1971536
4207220
1746684
1886636
3171224
3089016
2609496
2614592
3614944
3511752
2713504
2369992
3427952
4003036
2739596
2339512
2499496
2482048
2198120
1900472
2171460
2684016
2334916
2597576
2499012
2402376
2115084
2215416
2054276
2698640
2429400
2712976
2367016
2450068
2384128
2605500
2431748
2632120
2235452
2137040
2200576
2429820
2564900
2173904
2278072
5036128
2254020
3062216
3425104
4311372
1723136
1379084
1372968
1179048
1317552
1301992
1205720
1755460
1267528
1811368
2748036
2196932
3104260
3116492
2447316
2758236
3847764
2859372
2500840
3275416
3477120
2598592
2086552
2230196
2493132
1968340
2060420
1888740
2723980
2239624
2473324
2399260
2592560
2165704
2320600
2076336
2215952
2545712
2434260
2710880
2513812
3812168
1978924
1679028
2358348
1959476
2592980
2981512
2112880
2141168
2223024
1834136
1247460
2402800
2086328
2056244
2149192
1947180
1867552
1850448
2109292
2028132
2015296
2732744
2741796
2761652
2092320
2380580
4099804
2807852
3051004
2393344
3121108
3041160
3574632
2790932
2598032
2367464
1999072
1930448
2747620
1774148
2337724
2511828
2333716
2451256
2196024
2445952
2002364
2239464
2452232
2539560
2670032
2762076
2223484
2360952
2510228
2676480
2461504
2028760
2099916
2288588
2328748
2314716
2315856
3454272
3786312
1961996
2838520
3469704
4637364
1528676
1263528
1052712
1096984
1075844
1241340
1912588
1251184
2026188
2751804
2111640
3029188
2963060
2304812
2100524
2300868
1635424
1235716
2451688
2020888
2311440
2182508
1852848
1998764
1763884
2152280
2009556
2114124
2249048
1978944
1882472
2155248
1890028
1893148
1860680
1649388
1899120
3373720
2821864
1833980
2789476
3244648
2735820
3010160
4426004
3028064
2334188
3335512
3777956
2673100
2278656
2309764
2567416
2395552
2003604
1983020
2844916
2320804
2416328
2367480
2287636
2191924
2238924
1866876
2833108
2292064
2193680
2638516
2322784
2560580
2499360
2548904
2148584
2215908
2262644
2375392
2360824
2562824
2405216
4438576
2408132
2474868
3236872
3813764
3890308
1536184
1683572
1267164
2843016
2472236
2727876
2766236
2528676
2693768
3831740
2553584
3213692
2416132
3220804
3633028
2352216
3113920
2496896
2565424
2025292
1921912
2621532
2116132
2147236
2397448
2566824
2224292
2285132
2192380
1960908
2682900
2364200
2267036
2588440
2356040
2434804
2489312
2689420
2152796
2156936
2313616
2230796
2365244
2406224
2390068
4523288
2439448
2284500
3272052
3645156
4373760
1899900
1319496
1315696
1892472
1691980
1236700
2925752
2318652
2600816
2808868
2418308
3577988
3372188
2867648
2441232
2561680
2559912
1755608
1874780
3876456
1989608
2995968
2348308
3773508
2868616
2532144
2110676
2539320
2557532
2003392
1884664
1921232
2642320
2071408
2294024
2270072
2502412
2030672
2398448
2395284
2518220
2462976
2047868
2596828
2599616
1823436
2124660
2372264
2308748
2502792
2703344
2413280
2224448
2018172
2381908
2295928
2246152
4801200
2072204
2150036
1839276
2491880
3360444
3245792
3469576
1569740
1176252
1191144
1119544
1134304
1115492
1471380
1867592
1257836
2143400
2679780
2130364
3139764
3272680
2575488
2644992
3737000
2133196
1151396
1275608
1038552
996116
1026312
1972332
2890536
2542936
3344076
2987684
2571812
2160020
2467428
2525836
2081884
1994768
1855508
2692032
2545752
2282136
2259308
2407504
2260748
2376068
2369416
2669668
2635468
2014824
2502208
2515616
2312740
2366760
2310536
2523984
2623788
2399660
1983448
2023264
2313900
2479492
2278976
3767988
3562988
2247856
2035984
1830380
2599616
3418580
2333428
4139820
2915416
1370248
1519140
1334320
1377216
2059816
1027516
1244924
1061572
1051668
1186680
1315968
1208836
1278000
1091244
1201060
1513164
1168752
1648764
1449784
1448324
1478380
1133364
2567284
1960820
1295300
1268940
2540652
2860812
2155628
2811092
2511776
3233728
3313800
3450740
2074852
2394488
2421972
2411860
1880336
1926496
2625072
2232544
2337508
2236112
2429824
2130124
2238304
2150568
2026716
2535496
2355640
2301676
2625008
2298564
2461044
2570032
2695860
2128036
2145180
2271284
2393612
2390952
2371288
2654588
3981220
2478672
2476984
2370688
3846936
3239148
1369416
1778280
957952
1314632
1258296
1695984
1278348
2078232
2235680
2198744
2973212
2562248
1901000
2436672
4114076
1123468
820792
923268
806848
870172
2067524
3137048
2631584
2382232
3722184
1434336
785692
1957356
2769492
2589112
2995144
60
1559096
2382624
3517696
2508196
2778908
2503444
3296316
3230984
2563804
2298772
2477052
2493300
2263292
1878924
2110364
2456796
2067768
2679592
2433008
2660196
2232424
2572720
2365360
2437652
2096068
2412616
2435036
2122520
2348800
2396736
2426444
2607072
2395500
2046720
2178340
2195648
2499760
2194392
2208276
4199052
2798136
2106904
3058460
3179328
4961708
1325576
1735844
1095024
1163348
1174380
1193368
1686508
1348928
1347732
2500708
2402324
2357532
2988324
2956848
2333572
3036848
2345812
1733332
2932048
2550268
3593032
3469940
2285420
2073084
2360904
2583776
2523048
2187944
1936524
2773360
2233364
2376748
2591964
2365332
2145904
2304732
2002684
2763648
2294648
2368136
2494804
2421884
2517756
2553776
2631872
2179280
2105728
2218280
2268668
2346140
2247416
2220108
4661340
2530616
2261776
2204916
3477688
3538968
3633064
1803004
1298376
1181628
1206216
1178704
1260948
1248184
1758156
1324632
2007368
2737356
2245056
3186484
2584640
2235124
3337700
2170088
1224548
2220500
3168836
2589628
3107776
3221468
2824828
3006472
2630720
2832460
3673380
2056260
3070076
2274404
3057172
3889220
2277380
2352808
2421632
2355060
1935420
1944604
2627468
2169904
2302104
2413264
2508048
2118816
2271000
2656248
2272236
2064108
2036852
2663908
2376804
2344232
2305944
2367832
2456920
2646384
2343504
2112096
2158288
2276532
2369480
2336736
2144920
4599548
2463684
2683924
3944236
4238056
2926220
1435684
1171564
1700768
1277424
2106220
2661584
2396560
2862240
3159036
2631568
2892184
4266188
2201944
3103508
2388752
3201032
3312320
2529588
2638020
2451540
3947468
2410992
2894568
2558624
3672996
2968432
2708912
2093956
2411396
2577804
2406244
2008732
1942992
2674140
2280892
2316556
2510356
2370640
2242708
2384168
1948620
2399376
2376464
2387856
2425004
2395836
2608548
2565488
2527668
2324648
2107124
2202012
2245764
2453772
2244244
2182064
4017596
2680584
2602432
1740884
2839556
3077576
4533124
1524148
2078764
1268296
1475244
1051376
1168720
1273636
1342672
1806924
1244076
2113020
2643808
2241504
3208976
2879116
2161920
3421128
3014064
3297224
3016588
2595684
2796124
4225584
1564172
2657656
2575424
3012780
3377164
1712528
3040556
2699448
2690116
4010436
2527856
2709264
3256532
2645164
3552676
2204104
2319936
2606056
2476928
2007660
1919384
2706352
2199816
2450080
2474080
2372664
2271040
2312264
2026740
2415896
2375772
2393988
2544528
2524580
2614044
2592220
2581464
2368856
2054372
2168992
2361792
2462816
2572708
2233428
4401460
2779976
2618836
2010640
3005464
3577676
4464220
1371032
1602276
1156408
1417104
1061604
1229888
1167700
1708396
1291304
2079500
2718284
2333924
3198104
3264536
2118824
2604664
3838144
3285744
3057408
2318700
3754264
3311380
3022300
2547156
2259840
2619112
2456796
2059812
1958720
2151768
2660424
2089180
2528668
2399560
2413752
2138364
2538672
2320732
2379728
2044188
2678816
2293780
2463180
2482196
2391772
2450940
2592024
2341244
2119300
2112876
2290616
2422748
2313360
2254084
4825940
2370588
2549184
3908616
4139728
2811680
1158352
1694040
1240936
2043348
2513604
2207428
2950148
3280248
2631708
2270408
3903420
3223348
3154300
2614272
4028000
3157876
2870624
2073708
2453372
2641708
2144624
1944376
2549084
2202660
2189716
2366888
2637896
2240748
2257112
2245312
1969912
2799900
2335936
2410252
2621988
2381512
2487732
2530928
2459484
2300592
2047232
2111876
2333260
2492432
2288608
2146432
4018032
2682312
2558568
2445432
3367080
3961536
3100428
1393976
1185816
1702732
1585012
1438352
2799004
2231184
2718208
2488036
2748988
3462232
3176684
3173368
3221972
2637504
2587700
3222720
2681460
2876744
2444280
3703480
2946396
2655952
2300440
2480556
2432520
2012576
1960404
1857992
2715168
2084732
2470544
2463848
2594272
2173948
2467388
2502240
2385068
2121424
2449336
2680680
2186736
2148680
2369896
2298164
2489212
2572472
2366784
2088332
1987524
2304548
2378984
2303796
2545812
4408816
2283348
2220556
3416712
3734520
3753152
1903448
1177408
1210728
1110124
1512208
1862312
1255860
2136900
2516348
2138604
2711976
2641984
2507904
2154036
2255448
2048648
1558640
1708700
2118808
2132504
2117768
2032056
2105228
2252920
2100464
1910044
2119064
2086696
2119788
1897816
1880588
2071936
1800900
1834952
1868208
1773152
1763248
3291356
2791652
2069468
2800492
2740756
2285468
2497288
2128764
1380240
2337024
3837200
1474688
2591604
2280052
3444184
3083044
2794756
2246964
2256624
2587980
2164596
2013888
1845064
2759416
2304544
2540952
2284020
2331056
2155472
2372468
2486872
2531728
2524524
2132412
2667972
2465472
2303660
2455276
2400640
2452628
2609276
2436836
2127156
1986208
2238308
2266808
2704452
4333608
2117548
2141280
2125428
3357108
3291440
4485776
1645928
1330120
1324048
1277188
1078628
1301768
1300904
1726300
1255496
1803964
2571384
1986224
2769492
3052344
2723032
2819100
1678524
1936608
1319976
1161420
2820208
3392508
1332164
2398964
3024612
1989580
3186060
3186632
3244140
2744216
2928688
2438640
2191308
1969180
1966184
2855884
2240716
2406380
2429524
2336500
2178132
2529304
2423392
2435552
2493828
2012944
2487500
2540568
2229916
2296784
2213840
2428152
2574676
2466264
2061540
2090520
2137776
2309572
2530448
2733884
4138636
2241704
2201900
2137616
3012888
3590572
4683748
1645112
1182420
1195380
1463200
1212268
1723812
1567296
1241956
2583612
2457128
2414132
3105216
4184
1410992
2595528
2634376
2442920
2232124
1678248
1971264
3856932
1687516
2638332
2281260
2971624
3477160
2648764
2260424
2328552
2620888
2075292
1956732
1911356
2557916
1840360
2281628
2434360
2490696
2159852
2439356
2487308
2476856
2408904
2136000
2328248
2720256
2260500
2154236
2300956
2355696
2410168
2689304
2376376
2047792
1934952
2310792
2391160
2574848
4491268
2184780
2044152
2266832
2747816
3372576
5063196
1811140
1158540
1263296
1132712
1341156
1859176
1281276
1915328
2896072
2148684
3055312
2892900
2772064
2439568
1538732
1920056
2894860
3021704
1958888
3048796
2590468
3059304
4264536
2396812
2446528
2010424
2422956
2082756
1908732
2132036
2557552
2029168
2405984
2457556
2360956
2136384
2483848
2446804
2359776
2554360
1958944
2578676
2464724
2340676
2249932
2234344
2411700
2545296
2540924
2143424
2035572
2351672
2392240
2597340
4478408
2270736
2496252
2137976
2460032
3344984
4847664
1602580
1599720
1067632
995904
1134100
1746792
1707832
1200396
2182268
2879132
2167316
3115920
2711232
2543828
2211728
2186732
1818148
1271020
1620896
1745292
2269856
2085636
1930024
1873644
1988948
2138608
1873504
1985980
2216928
1964152
1907932
1793824
1951116
2085984
1883340
1669252
1666604
1862428
3999928
1997520
1919928
2357856
3084500
2841472
2865796
2461916
4437536
2934432
2798528
2536700
3477512
3352020
3620480
2221956
2460948
2373968
2189120
2108308
2045736
2733728
2187092
2571904
2476688
2340464
2063932
2574812
2381908
2391048
1950232
2551764
2311268
2161932
2276616
2358860
2405800
2477632
2486248
1975728
2146236
2295252
2320188
2339800
2393368
3954364
3280972
2201344
2554484
3387924
3781932
2570296
1698920
1170980
1163232
1041400
1581368
1383384
1691404
2981916
2294548
2788960
2817448
2375388
60
579596
2287524
2326960
2195600
1545808
3492168
2582908
1915732
3000072
2537996
3370748
3165440
2732376
2222500
2435580
2446292
2094564
1715476
1814064
2699068
2078472
2461568
2022148
2534784
2082040
2427600
2465420
2423504
2117532
2380656
2921784
2278024
2088028
2298392
2337108
2583660
2435056
2349172
2260768
2068564
2283160
2392256
2138928
2177100
4395652
2441348
2235240
2991568
3175948
4859060
1741392
1165972
1204200
1054748
2008904
1712324
1247716
2208292
2641268
2303700
2853392
3288028
2213640
2378436
3738884
1821776
2868828
3555156
3746528
2507180
2303308
2536764
2005820
2066292
1888600
2503640
2194220
2155884
2360912
2371092
2287308
2192152
2254004
2094416
2706064
2499144
2394812
2657928
2308100
2417480
2611288
2554012
2116180
2161620
2247872
2410972
2429760
2287680
2648064
4352024
2575600
2531516
2288380
1745580
2738784
3407332
2615028
4609036
1802908
1449076
1376204
1794756
1165888
1118360
1082888
1202004
1213476
1207764
1189668
1278436
1217416
1127832
1269408
1192280
1988264
1859712
1308552
1645312
2761108
2579836
2290424
2995144
1926216
1823236
2758888
3891276
2702556
2546524
3356004
2631556
2686940
2330712
2733708
2557672
2638348
3769792
2493268
2722400
2248784
2873412
3279096
2002684
3035996
3169132
2161968
2234120
2521476
2229952
2390588
2429932
2109564
3197264
2996656
1145624
1811512
2874104
3326492
4686404
4921428
4650304
3596620
2152484
2440872
2607816
2297576
2619216
2052068
2074564
2415180
1422320
1390844
2409116
1821364
1964344
1722480
1885428
2158280
2250180
1793528
2155320
2873692
2233396
2578396
4501088
3226984
3882768
3096104
2720096
4007512
2542916
2453044
3044132
4356468
2281640
1765124
2061984
2357196
2399536
1958108
2021224
2677216
2070452
2079316
1907736
2131880
2205140
2341616
2594404
2563972
3155392
2186968
2027948
3729480
4089180
3944660
2526620
3770120
3131040
2389064
2002308
2234624
2554988
2325856
1812388
2099740
2741408
2276188
2231024
2073904
2229376
2399832
2309800
2707584
2453500
2362300
2240508
2297736
2370132
2300088
2532836
2398376
2410680
2577604
2610116
2375120
2597852
2555316
2233048
3139152
3968276
2298280
2037904
2427080
2435588
2531464
2708452
2661292
1838104
1767328
1942612
2654752
2625452
2656564
4563788
1620340
1284720
1716060
1591040
1062336
1456600
1296572
1452300
1241168
1169180
1310340
1281160
1216932
1307916
1248224
1273064
1576368
1795612
1528752
1279480
1265984
2110496
2542828
2371184
2240092
3489652
3801028
4568432
4746736
4741752
4534728
3985768
3621524
2989808
2684520
1956864
2485936
3791260
2666048
2569464
3727852
2879324
2318792
2294840
2238956
2391344
3916724
2863212
2131448
2119856
2131296
2068932
1954920
1783044
2584100
2084060
2220564
2275632
2303116
2077376
2113172
1851728
2025444
2092988
1973044
2115880
2304956
2491232
2280604
2195912
2307472
2570332
2279860
2615132
2723928
2186044
1988056
2207472
2612968
2873804
3465624
1440312
1525360
1377024
1300064
1054948
1050656
1681668
1517368
1227904
2825816
2401000
3186368
4133016
4747996
4493128
4650696
4589628
4760872
2868376
2401160
3117272
3415156
2351608
2050316
1977448
2228392
2029684
1770220
2474468
2141832
2068656
2333904
2094244
2165640
3379276
1577964
1728692
2245432
2884084
2505916
2604376
2604768
2578908
3957972
2428112
3198492
1984124
2736552
4316084
2517668
2273808
2395872
2366292
2016432
2235932
2556536
2250604
2053972
2530208
2412332
2362208
2172940
2363064
2323140
1970924
2597412
2495072
3241128
3362892
1146976
1578460
1357624
1193968
1438228
1122348
1671692
1835384
2508976
2949964
2408924
3866692
3215024
3071304
2235668
2132124
2649952
2012832
2035680
1856312
2670000
2239856
2364228
2541136
2455032
2270768
2288436
2467696
3216244
3430764
1797456
2319016
3097712
2756012
4093756
3375460
2305920
1847544
3508360
2908328
1924720
1628604
2558340
1973456
2361700
2571260
1632508
1841292
1827356
2162744
1885224
1723176
1821808
1333916
1505736
1702208
1369128
1789928
1067856
1330768
1550356
1863960
1840592
2525804
4052264
2585412
3251868
2126796
2396876
1958564
3735532
2604880
3391872
2496876
2259788
2374496
2554816
2186584
1876776
2687944
2189772
2408168
2402100
2994316
1991728
2110732
2860960
2619332
2849860
2611208
2476704
2516152
2416580
2079240
3078552
3238328
3426500
2001228
2162252
2315132
2416380
2281304
1898944
2525344
2133800
2355260
2397580
2998908
1820236
2067268
3279048
2312808
2682572
2556236
3910008
3322504
3225304
1929260
2073124
1861432
2045916
1767132
1927820
1920840
2653272
2205580
2561640
2407732
2128928
2315668
2378388
2387908
2201412
2040100
2613636
2727864
3202968
3350768
1541700
1640272
1514680
1335884
1260356
1676248
1592412
1157448
1890216
1642636
2493116
2200348
2949884
2541188
2769444
4345008
2527708
3132036
2352268
2250816
4185528
2762940
2854172
2797832
3753312
2681636
3069428
2649412
3457452
2525016
1695720
3295672
3509964
2074100
1829624
2528384
2424564
2546628
3927960
3168112
3044836
2027696
2447876
2315288
2261176
1931904
2533236
2197408
2297276
2357096
3176556
1891132
2285788
2859820
2524196
1840628
2422500
2731640
2532872
2184688
2567628
3594272
2797652
2298552
2584356
2477472
2032040
1960788
2476880
2230408
2217660
2534872
2500244
2309804
2105264
2480748
2363260
3131212
1523492
1479060
2651824
3023784
4473172
4485488
4098876
2624572
1655504
1887688
2999944
2786412
3172444
2068496
2258552
2489136
1878056
1823656
2633460
2183064
2166488
2218104
2204124
2374860
2526124
2443172
2513480
2457932
2568524
2463084
2505492
2601364
2346112
2131720
2028376
2360004
2395328
2365644
2366136
2381900
2363528
2392268
2712096
4561708
2317492
2573860
2281872
2072552
2749624
1916780
3465852
3009780
1433628
1878248
1099888
1076912
1270376
1155444
1571544
1293856
1860760
1431092
1377452
2081484
2652060
2151648
3053412
4392792
3707524
4608032
4563800
4801356
3402852
3181088
3143572
2449380
2474632
4173640
3039436
3998760
4344652
3052072
2315160
2193052
2114968
2804968
3456648
2523248
2700788
2898560
3074212
2971120
2364756
2245816
2091360
2173548
1799540
1639360
2643648
2058468
1963032
2062392
1851752
2217100
2020156
2357264
2351484
3295832
1798880
2354312
2653000
4355748
3984652
2838040
2687452
2062860
2161244
2775228
2652400
2500456
3903624
2523780
2648652
2295412
2298176
2456592
2278084
1664540
2006720
2795484
2281500
2133312
2370432
2041844
2348460
2086980
2523728
2571396
2535252
2360752
2290036
2054612
1914252
2453168
2322912
2377948
2444180
2362604
2403124
2521424
2446352
2678192
2557572
2925760
4278664
2386600
2222292
1452944
1842980
1989716
1839988
1848920
2066464
2070520
2298064
2451760
2686008
2220828
2821332
1982920
2909400
2795396
3188144
4586080
2360228
1376056
1558760
1226608
1500376
1573288
1298868
1662864
1718288
2226392
1357444
1081592
905116
1287764
1079588
1281964
1016164
1172688
1104132
1240332
1287840
1164656
1060364
1210948
1373112
1246980
1140204
1420656
1229200
1079680
1280380
1218204
1270012
1133684
1381264
1324480
1146800
1669588
1354360
1465260
1233740
1138216
1436596
1509880
1052728
1463776
1998628
1146884
1274324
1135144
1312380
1439200
1653796
1741188
1675488
1530244
1342164
1518284
2547412
3182548
2671652
2294428
3262624
4018536
4628736
4789140
5480044
5295280
5145396
2530680
3836072
3362512
2813004
2524392
2179688
2065888
1853684
1144320
2552992
1883296
1956756
1686016
2015992
2223464
2235824
2221768
1723296
2021516
1678508
1848852
1921052
1804508
1959952
1891192
1913272
1956628
1848864
3563712
3306780
1854424
1645948
1620928
1477364
1784768
1509956
1922440
2306900
2169160
2590900
3650532
3224064
2660752
2545548
2799892
3024708
2489780
4073008
4114864
2609880
2555116
2148036
2556200
2328208
1951744
1986716
2810508
2323552
2159608
2216708
2073308
2402056
2076232
2571448
2668512
2550760
2529136
2207420
2250768
2364044
2328520
2393448
2550872
2283464
2465132
2336672
2423636
2467500
2618684
2444240
3831508
3092424
2348728
2215784
2541552
3086876
3629420
1550352
1798428
1542160
1150688
1366012
1085132
1129924
1131568
1205640
2193352
1889652
1328580
1302424
2631040
2811248
2486412
3902888
4673932
4972956
5178432
4853464
3940172
3472636
2555108
2527208
2233564
2184236
2046420
1191864
2372460
1830344
1965004
1636880
2054784
1774212
2325016
2013196
1958412
1741360
1993228
1979244
1764472
1924988
1747448
1790804
1926160
1973840
2119180
3081944
3750996
1949112
1719936
2826764
2870200
3857436
3665904
3464528
2731404
2478728
2428980
2528516
1950688
1953304
2865052
2282072
2243560
2238204
2133144
2281208
2201280
2778540
2434016
2496600
2486996
1993356
1890652
1993548
2529260
2193864
2466740
2408704
2461000
2285364
2486244
2504152
2536256
2513544
2993468
4158788
2336996
2217268
2691660
2807760
3796744
1281000
1657708
1594124
1194216
1318192
1196256
1239332
1144044
1257820
1410516
1143360
1363380
1660480
1447792
1271204
2244356
2970016
2124684
3667148
4431836
4638352
5198764
3933968
3709064
2633728
3603124
3742380
2681564
2255892
2115792
2405504
1980876
1723108
1867180
2592940
2093852
2210376
2054856
2136256
2216992
2291724
2531784
2610628
2552656
2554112
2174552
2220136
2573576
2213496
2458688
2451328
2384556
2488192
2309076
2507544
2531200
2617840
2485068
4450796
2499152
2085404
2221964
1968488
2160992
2119652
2035896
2665224
2152176
2960304
4153684
1277508
1263544
2019320
1296620
1071744
1135020
1210408
1250932
1388508
1253044
1339084
1184092
1199400
1497876
1749192
1549940
1356264
1478280
2854544
2867336
2373148
3789988
4625956
4962768
4831456
4896064
4078244
3062312
2125484
2079900
2546648
2140180
2343372
2252696
1389016
1617432
2184760
1784772
1943112
1810732
2004548
2331392
1961388
2129196
1862876
1638780
1799156
1935644
1731312
1885244
1670920
1890240
1948676
1889020
2080252
3479232
3322868
2497996
1913528
1935984
1785576
2637856
2581196
3244280
4705844
2930700
2444312
2336020
2521796
2525228
2001812
1840376
2841444
2189316
2120724
2293824
2038732
2503508
2522208
2624824
2549648
2783028
2405648
2318208
2000984
1707252
2545052
2282760
2431760
2444184
2337072
2433576
2739748
2460004
2702580
2525308
2742024
4230256
2328104
1994768
2463200
2342156
3543948
3151628
1537772
1796544
1229164
1116324
1170968
1140000
1298556
1168792
1670640
1454888
1296052
2330132
2966524
2289104
3640812
4456868
4682552
4657800
4001952
3345960
2859668
2211360
2061556
2390432
2414580
2325212
3824352
3358452
2385720
2018176
2479696
2289388
1821916
1779920
2510732
2050300
2152028
2337912
2469388
2052640
2221836
2363752
2100568
2723880
2545328
2441576
2827420
2559104
2109076
2162388
2246156
2220128
2496260
2554748
2375184
2417136
2413052
2579872
2661128
4631892
2306332
2320876
2115056
2252276
2198336
2188996
2005768
2144856
1989532
1922752
2696356
2025860
2522072
4426108
2934556
2149756
1633064
1341076
1450040
1452000
1639152
2124728
2360692
1269248
1199688
1119516
1132408
1179252
1129432
1455604
1067596
1469168
1309244
1101528
1115268
1326620
1226508
1175000
1572696
1187184
1522144
1576944
1234940
1356840
1305344
1300528
1497268
1302696
1134556
1927640
1564516
1397692
1532096
1984528
1399640
1245700
1250968
1756160
1831932
1897200
1705632
1601412
1329996
1486792
2186136
2502580
3203816
2313592
2675560
4303604
4817544
4893668
4778400
4934564
3343952
3918004
3204904
2233976
2668116
2205488
2320900
2217396
1649276
1144192
2294464
1818176
2048280
2068424
1863916
1794628
1863688
2041080
2130164
2099108
1838936
1712016
1860700
1723652
1903644
1913020
1902108
1958148
2052892
4137164
2606488
2093900
2219640
2770432
2605988
2770980
3092580
3135256
1968188
2489796
2796628
2374736
2862404
2031612
3226008
3212408
2649340
3293740
4427776
3011112
2396824
2401400
2487708
2099940
2060440
2278148
2367500
2172020
2682464
2429328
2527180
2095080
2327816
2283492
2256008
2439064
2462328
2284168
2074684
2501596
2403904
2244052
2073824
2054148
2380436
2465444
2127440
2541368
2370636
2604616
3343548
3849184
2400304
2342592
2601764
2781196
3820276
1492624
1731848
1137024
1227616
1138548
1269328
1309924
1248636
1073504
1402260
1379656
1876296
1536280
1242660
2386424
2979580
2340956
3999536
4002708
4842644
4247732
4263800
3167608
2428584
3349996
3576132
2237192
2266280
2329360
2078328
1597124
1818116
2579284
2093504
2226568
2339020
2365840
2247116
2163520
2203828
1958920
2680180
2182708
2617532
2472264
2083340
1972996
2361888
2354108
2491612
2353304
2266260
2330832
1957352
4311344
2498768
2439388
2525408
2605100
2380648
2466380
2010328
2095612
2052864
2117264
2162348
2291432
2564652
2232328
2561272
4315364
2445008
1596184
1730240
1420012
2107056
1253188
1264852
1228804
1322000
1205000
1491784
1215136
1238080
1142508
1428956
1132496
1319616
1145980
1406336
1350300
1231380
1189396
1098288
1481368
1292736
1768088
1899060
1377324
1354376
2262776
2713736
2443616
2779056
4294880
5011556
5254172
4162168
3942048
2902608
2738652
3886664
3136524
2584452
2400888
2121388
2385876
2021224
1718576
2366516
2135256
2094164
1960776
2074208
1994576
2282748
2139328
2499952
2633876
2759124
2593440
2264020
2154112
1972684
2550588
2293552
2320528
2421204
2490592
2378192
2582484
2446604
2515868
2573592
2878836
4144048
2392640
2428708
2495320
2644060
3533088
2517304
1909080
1120564
1128676
1733080
1768428
1316988
1820388
2768476
2254460
2852996
4116784
4506228
4901368
4323148
4009712
3143404
2400916
3874680
3104248
2467032
2124628
2176120
2570768
1870284
1861756
2633584
1950136
2039416
2201444
2024028
2259004
2275580
2403992
2619060
2677144
2611224
2552628
2157064
2088724
2416188
2404360
2520940
2584000
2521508
2284872
2455156
2515868
2680644
2375268
3001916
3972276
2214744
2177984
2868700
2794336
3747920
1178688
1318236
1480520
1486392
1331108
1258408
1438520
1394196
1471408
1275248
1165712
1330264
1730236
1628368
1258700
1304876
1788984
1661500
1481132
1322248
2823396
2920556
2237100
3719304
4265200
4763508
4740940
4135648
2984112
2915812
2575212
3185148
2623868
3002800
2638300
2118808
2382196
1990132
1680144
2532088
2166112
2040132
2164852
1872252
2273880
2334944
2483252
2453728
2533560
2543976
2448572
2152600
2131548
2444104
2335168
2448312
2580628
2358028
2658244
2322640
2507636
2503900
2734568
2480456
4424292
2469352
2254616
2075988
2652124
2381284
4346252
1452748
1414816
1462660
1090332
1413244
1193520
1471804
1247412
1036012
1435812
1343848
1369824
1376336
1919036
1280860
1303772
2189812
2825284
2233028
3696600
4277768
4949532
4768408
4245048
4772856
2906928
2543108
3823596
3106760
2441148
2165688
2223476
2363996
1787488
1748920
2691052
2126208
1928944
2247144
1998840
2078792
2266384
2170884
2585716
2521192
2613864
2538096
2205112
2195544
2453960
2464136
2470684
2466028
2295156
2541776
2278096
2346728
2603812
2617484
2567072
3980684
2992172
2375008
2685308
3173444
3519488
1788252
1220152
1281188
1795696
1317836
1702172
2703524
2105452
2818560
4542408
4340656
4309640
4244904
3722136
3333816
2639996
3390280
3297120
2730100
2044500
2197620
2353960
1852640
1840752
2590940
2046488
2070384
2273956
2473156
2092952
2257724
2365852
2248252
2227568
2652380
2504756
2468960
2524320
2020760
2097908
2384780
2364384
2500524
2526464
2310100
2369000
2513396
2465216
2612276
4328260
2692720
2276600
1920596
2445760
2302308
2188200
4497664
2862424
1539604
1412808
1380244
1321408
1965096
1475084
1196280
1066132
1263924
1282348
1037748
1229732
1260692
1362812
1272736
1251852
1850312
1259384
1258164
1343420
1143740
1424300
1508572
1328900
1101612
1636068
1197036
1262272
1825916
1777356
1311880
1348204
1991080
2488520
2488932
2076724
3618908
4165088
4731404
4569208
4945004
4104136
3672968
3036376
2050464
2391368
2050236
2092004
2044228
1352288
2020280
1705408
2039368
1942620
1974484
1962360
2021172
1509004
2348420
2109540
2090184
1639860
1674720
1888340
1935332
1785468
1690444
2281548
1995736
1924204
4532376
1959640
1900844
1489768
2931060
2477188
3174180
4138644
3070720
2671016
2290788
2396612
2515344
2069956
1948640
2620612
2056772
2054512
2369304
2357436
2293144
2127816
2691332
2331336
2386896
1739888
2513396
2316764
2335836
2165528
1888956
2350152
2236804
2432420
2410800
2314832
2255456
2524860
2627464
2584448
4366756
2786180
2384268
2218648
2612360
2057628
4715996
1628012
1456508
1511320
1845940
1196004
1088452
1186416
1338808
1214432
1329840
1431472
1698892
1620304
1415516
1632020
2578540
2546188
2234836
3522052
4091056
4704396
4698600
4618504
4462996
3449912
2780708
2650556
2348568
3885236
2975132
2502328
2047260
2229828
2377604
1747256
1764328
1789892
2607484
1933956
2206952
2206336
2134780
1936580
2298008
2282076
2411536
2227220
1745320
2236560
2478604
2349364
2698440
2432856
2050144
2019700
2418096
2239288
2345576
2310460
2299452
2330580
2537564
2219816
3730076
3382432
2650172
2552892
2286584
2195032
2830052
1990000
3141088
4308276
2173760
1545776
1244852
1215692
1290616
1382056
2127664
1115500
1125540
1103144
1097924
1349664
1074632
1406552
1128236
1461816
1309612
1316392
1141976
1402500
1214508
1483544
1120696
1523500
1593624
1079208
1201476
1235060
1102008
1314876
1078908
1683344
2550884
1896064
1295624
1266316
1401560
2634996
2990760
2182924
2738464
3827264
4567356
4661316
4894168
4966256
3553172
3336672
2710512
2335496
3496264
3179240
2523992
2213012
2265096
2311500
1870372
1838824
2467844
2135372
2082812
2263872
2388504
2037828
2260536
2242100
2328496
2010984
2663544
2349984
2526764
2755996
2421012
2044580
2056844
2344468
2278264
2403856
2368704
2482280
2359452
2564648
2330788
2236200
3479548
3813176
2670284
2500940
2244480
1949352
2820588
1816640
3739944
3109468
1583020
1312784
1908252
1236188
1164264
1197652
1082304
1221948
1209244
1215248
1360152
1285456
1052252
1452400
1038820
1297896
1074772
1333644
1468816
1511268
1478080
2104920
1854972
1293948
1316860
2170136
2538292
2391456
2504740
4227724
4539248
4673064
4683624
3710052
3148996
2484904
2789836
3100616
3398056
2063564
2368788
2303540
2148660
1758664
1782100
2515660
1995248
1598708
2089076
2360352
2271092
2457252
2376600
2364148
1920620
2492716
2758164
2509224
2871772
2514124
2002028
2048864
2377780
2234620
2443568
2418156
2427676
2180188
2428524
2401940
2222680
3323536
3682724
2604180
2356544
2281396
2367428
2527236
3552364
3042904
1151704
1756364
1092832
1102888
1043984
1081908
1348708
1174092
1804384
1626836
1315108
1453000
3055980
2587440
2393768
4048508
4118160
4821936
4241112
3560588
2878280
2354896
3478352
3244764
2660816
1986480
2234392
2506728
1887164
1752804
1643976
2696856
1968504
2240448
2261024
2376808
2237548
2376044
2256284
2135468
2131980
2612564
2638272
2722608
2802664
2073516
2112584
2290216
2293216
2480120
2377784
2302880
2696028
2310512
2646532
2339692
3254848
4192404
2569992
2338524
2283872
1805780
2056392
2488732
2326744
2226200
1988104
2253512
2329200
2117580
2415740
2241556
2798256
1885232
2845360
4573736
2218300
1255808
1301168
1606956
2297044
1342548
1163804
1312540
1108740
1273492
1075708
931648
1078912
1116336
1100648
1164908
1145768
1162536
1116756
1152912
1143260
1316620
1212212
1113056
1522224
969788
1346908
1019028
1141584
1369452
1465024
1073512
1239596
1650584
1730664
1865100
1525056
1315868
1535360
2404252
2979492
2750696
2149928
3631296
4141700
4722884
4564272
3687944
3388228
2914932
2561076
2015584
2794440
3588704
2321888
1625420
2073968
2331468
2125916
1815324
1706524
2624524
1922760
2265120
2123500
2470464
2114868
2391304
2415744
2289476
2267052
1998144
2730540
2650892
2247876
2130152
1854500
2470260
2241280
2450460
2413960
2382860
2208360
2511280
2526016
2463560
4112548
2721452
2458980
2423660
2651896
3391224
2781576
1718852
1190172
1186784
1140948
1265772
1561508
1793512
1400836
1295304
2242432
2845632
2254260
3776436
4293184
4674532
4622372
4410436
3343668
2981256
2721408
2351836
2660976
3259176
3991768
2755740
2159924
1993812
2364176
2016540
1781420
2402848
1907740
2072492
1995144
2012760
2040352
2149464
2117216
2525308
2423084
2471284
2643180
2233884
2063940
2116140
2345768
2284084
2459560
2465104
2381364
2334428
2554672
2463624
2432264
2625712
2594564
4501168
2534688
2273296
2675480
3562200
2464564
1621832
1018780
1175820
1123388
1679888
1398188
1205408
3088108
2540584
2875632
4182880
4497860
4594500
4320624
3911228
3021692
3190780
2279544
2163932
2974580
3201468
2404140
3808456
3196340
2629060
1998796
2172860
2255596
1918752
1883752
2583344
2241648
2029952
2282148
2054828
2235556
2357688
2035624
2303072
2453740
2543800
2351760
2340004
2350968
2534500
2325500
2541336
2394240
2301424
2578648
2209320
2449960
2341552
2473912
2592764
1938568
3968864
2585372
1458680
1851816
1273272
1229136
1308456
1291188
1310628
1322964
1814192
1288588
2015528
2450428
2123172
3575312
4154024
4682436
4441532
4634828
4641956
4682772
4739756
2993660
3251000
2100092
2640532
2011892
2179944
1958836
1380116
1899704
2058144
1825396
1936056
1832868
1708328
1760328
2249620
2184884
1758640
1738468
2071168
2130544
1952624
1809636
1838500
2115932
1872416
1886808
2540596
2491288
3329556
3377660
4137368
2289292
2393964
2358552
2449796
2122704
1945132
2405868
2134216
1942556
2095468
2233376
2184208
1972468
2248712
2107092
2166820
2366032
2171676
2300552
2436048
2355616
2220220
2330464
1886584
2636456
2474516
2287980
2306092
2086084
3469704
3632808
2407424
2401100
2345964
2357736
2431288
2460908
2454200
2681364
2990920
4019328
1448616
1666660
1308268
1381568
1188332
1218672
1278336
1704724
1175160
1202612
1643124
1645764
1483500
1313460
2044000
2788272
2078912
2922672
4166812
4693796
4670348
4919020
4253348
3557960
3074024
2983076
2320892
2244640
2734480
2720108
2427704
3937048
2623068
2529284
2095892
2199192
2146152
2001844
1845748
1946920
2532868
2064584
2012096
1981688
2078856
2181624
2117556
2446956
2311804
2377208
2333480
2416040
2439804
2571700
2012336
2151792
2209460
2380732
2367764
2289904
2421560
2420016
2424936
2443692
2598816
4502620
2605808
2468656
2521972
1776848
2308748
1828348
2759200
3370816
2947748
3818756
1453552
1584464
1374748
1125336
1175408
1135872
1846588
1302008
1242524
2296488
2964996
2182324
3201360
4490456
4551240
4491628
3242500
3026432
2430728
3599124
2961604
2705168
2117920
2088188
2417892
2069456
1950112
2478252
2107600
2150608
2081648
2205072
2308336
2341100
2246168
2599636
2556428
2231312
1612528
2360400
2609072
2333548
2259248
2428884
2316176
2424804
2419484
2572952
2261912
2198220
3418780
3229164
2224612
2429648
2052608
2406276
2378212
3593184
2818032
1343136
1732760
1358168
1395516
1152800
1335504
1232400
1780356
1443780
1832088
2502740
2172848
3366372
4161020
4705244
4966788
4294096
3134848
2633920
3176152
3013608
2664360
1508780
2334224
3725768
4490768
4336208
2725752
2291820
1880976
2318012
2410940
2836268
2523652
3140812
3853376
2208844
2460740
1611208
2243316
2186668
1999752
1723916
2535456
2131096
2231216
2286092
2473208
2083552
2249276
2326668
1943344
2595652
2696692
2611280
2323452
2555780
2519516
2133820
2051732
2250292
2633332
2380984
2478468
2460916
2413924
2375076
3707400
3544688
2582352
2403568
2742196
2546340
2372072
2253684
2106540
2121828
2271972
1973100
2008524
2256984
2621348
2853144
3524156
3042980
4597584
1639756
1475472
1430072
1907008
1412192
1477092
1532264
1323132
1465352
2222524
1158856
1385544
1250824
2103880
1966420
1333792
1521676
2298568
2674752
2247568
2508620
4412592
4312944
4817548
4850156
5134232
4158104
3401692
3041288
2596120
2379140
2104076
2144784
2105840
1491148
2080820
1813288
2051852
1906520
1981496
1933908
1819844
1767160
2245284
2113152
1954660
1961760
1489780
1701232
1788036
2006740
1880268
2063736
1929860
1721856
3900208
2888772
1843376
1790556
1970420
1634636
1622492
1675864
1536396
1739580
1555064
1649640
1668336
2375532
3076892
2331108
4207776
3717800
2742788
2376720
2228856
2440136
2333680
1854008
1978552
2874988
2337316
2149140
2230836
1857432
2231920
2175860
2494600
2489812
2439708
2187296
2329728
2568676
2295016
2389184
2396452
2247900
2430896
2717168
2470028
2652860
2499220
2359816
2829024
4359604
2439820
2232116
2556036
2278360
2370728
1890884
1907468
1954988
2405520
2694816
2264508
4619868
1943004
1421752
1684868
1416896
1357864
1648628
1384728
1015584
1397060
1595264
1302956
1863868
1500724
1424528
2659188
2444728
2480536
3994816
4395924
4960548
4137924
3228008
3328056
2557180
3829272
2930440
2446112
2025660
2267172
2265796
1782956
1904832
2475176
2100012
2130784
2185644
1873968
2424080
2383972
2472916
2192488
2442504
2238268
2551416
2688996
2528696
2499540
2537888
2314612
2231136
2186972
2242536
2474544
2456784
3143116
2983208
1732256
1266804
2582400
2111700
2772388
4477920
4644824
3801660
2508240
3750352
2009796
2984220
2259108
2090024
2291444
2178288
1948884
1846348
2709752
2303724
2172664
2322792
2019388
2455500
2215612
2624356
2708240
2552176
2542408
2837680
2374792
2206420
2116912
2528916
2276096
2516976
2366888
2712588
2486648
2400696
2441212
2899392
4606256
2844628
2451996
2116888
2234004
2235228
2203504
2069096
2211748
2113000
2369880
2640784
1941912
4690492
1532940
1329732
1848260
1340744
1270108
1299668
1258124
1192328
1268992
1148624
1279972
1166808
1194432
1704888
1566632
1359944
2347140
2982260
2146336
3237664
4242820
4949048
5447760
5302084
4169712
3501956
3061148
2298980
3023356
3818188
2156616
2078796
2263308
2137020
1889764
1884416
2660504
2471616
2180716
2110832
2249112
2270332
2039944
2345832
2424752
2168520
2071620
2009204
2396004
2398504
2610836
2492520
2383516
2808052
2256124
2741640
2289596
2333224
2208268
4865448
2157320
2273404
4463764
1748072
1323472
1067848
1051896
1666288
1302016
2805388
2413480
2816240
4253228
4880376
4384036
4871580
4233332
3318320
2560004
3001912
3160224
3425428
2226328
2090236
2245328
2221628
1836912
1625276
2741956
2213240
2039516
2319708
2318020
2070292
2227568
2213776
1808068
2491872
2413120
2574028
2346956
2455116
2298044
2276484
2467604
2479596
1972828
2103772
2299464
2320340
2546696
2232396
2334220
4614552
1975860
2341876
2164772
2337860
2381132
2395872
2382372
2321652
2295968
2392496
2361484
2052768
1990620
2161332
2170792
3007956
1544264
2296160
5061340
2438364
1409256
1143508
1733480
2137532
1148852
1435420
1306868
1195212
1140760
1267168
1157808
1141132
1120968
1098272
1058120
1082664
1154728
987616
1447428
1200696
1191820
1642080
1485044
1768084
1532856
1125688
1224588
1473052
1943556
1788284
1313288
1405696
1337648
2289484
2968768
2784964
2271308
3669072
4180208
4642608
4138276
4783560
4407340
4962920
2396440
3765052
2777812
2424752
2548200
2142268
1922588
2156720
1765128
1177712
2226552
1834072
2152532
2252984
1992412
1838988
1786296
2188968
2070064
1795828
2165864
1898368
1852364
1915280
1820236
1572724
1808324
1876612
1883356
1652000
4711620
1719624
1545832
1500308
1588188
1492456
1606424
1613720
1854624
2065984
1823516
1447876
1532340
1582232
2074288
2741064
2697464
3159568
3653416
3690868
2166136
2731820
2258764
2394436
2342676
2116148
2550712
2329136
2332680
2436256
2096224
2315460
2203752
2589772
2514480
2514700
2047436
2687972
2468176
2393640
2396748
2541092
2584836
1888708
1906592
2203380
2259076
2505116
2283684
2417196
3293632
3744908
1998320
1545828
1851640
2429860
2201716
3591008
4441940
4225368
3475024
2771120
4006280
2321192
2559940
1850660
2245556
2197128
2311556
1717220
2006672
2457356
2233236
2260188
2376840
2429952
2206544
2168376
2284744
2159608
1963352
2419088
2173732
2478852
2599316
2646404
2500916
2615216
2461392
2072764
2457044
2288192
2296384
2328648
2582716
4084972
3373644
2672768
3056892
3290940
1182720
1235908
1643088
1510316
1879548
2585808
2171176
3052084
4046604
4903212
4456120
3042756
2676912
3556708
3582504
2434772
2259564
2264508
2208424
1845996
1855604
2096960
2582148
2177512
2580708
2429308
2563892
2284116
2235868
2646460
2430668
1928156
2048204
3633164
1755288
1537168
1915512
2461456
2624844
4276468
4700520
4859308
4664388
2422520
2629760
2177496
2196136
2166636
1590652
1437480
2344952
2016000
2032904
2027312
1914824
2095220
1975744
2291484
2961144
2117764
3135636
4382820
2755412
2397912
2341364
2311168
1937540
1897792
2663180
1861148
2121104
2032764
2224340
2249632
2405716
2247972
2588220
2531484
2377580
2355252
2430568
2542096
2538008
2254132
2048884
2147252
2216132
2833184
2433112
2529728
2345212
2442048
2524584
3503312
3876144
2422936
2608764
2649568
3071504
3253316
4666456
1655112
1625136
1184208
1354444
1762548
1323604
1633180
2798764
2185168
3075700
4092172
4649840
4942864
4837856
2888624
2340232
3206752
3859204
2400744
2279876
2250340
2231616
1767044
1922392
2663704
2116536
2070784
2328980
2435100
2212516
2359024
2158504
2151528
2371336
2152696
2422148
2592816
2582628
2496464
2644692
2477852
2298936
2415688
2517548
2300436
2336360
2299984
2448848
4604108
3035008
2616652
2089040
4315204
1260876
1736420
1290092
1090232
1191632
1127604
1461492
1780240
1628156
1385604
2842364
2198100
3020496
4258252
4927024
4515156
4935600
3970688
3143344
2847172
2481460
2214852
2228440
1869920
1340580
2048744
1820148
1994120
2016248
2026812
1993800
1669084
1738652
1882096
1826816
2112548
2058756
2149104
2015816
1744532
2053604
2025736
1877136
2043260
4522484
2210220
2609444
2900720
2896608
4168628
3518948
2461936
2275760
2560140
2234244
2005560
1912928
2527356
2257696
2115252
2580936
2303356
2360904
2226576
2170472
2169356
2089788
2030224
2188408
2570888
2714608
2335764
2655132
2370252
2214496
2300348
2577752
2406548
2379892
2487492
2540712
3040936
4156340
2270868
2526560
2530016
2582152
2229488
2066884
2611420
2159092
3101916
4238780
1356384
1581648
1882516
1154568
1218656
1177636
1070080
1152124
1303264
1256712
1895672
1429488
1333252
2141256
2747700
2142876
3137416
4046084
4766088
5107032
4939496
4744760
5154048
4086684
3027420
3152876
2477796
2440628
2207716
2265228
1915596
1332388
2126960
1726740
2015372
2065324
1890196
1874292
1725864
1680764
1928684
1797456
1978032
1841992
2201884
1932288
1788284
2199424
1927164
2061948
1878804
3317872
3588656
1922076
1942108
1789808
1696800
1992388
2907024
2746948
3192380
3350644
3851200
2386660
2260612
2477048
2414584
1978148
1943928
2566676
2318112
2289624
2349104
2450768
2192580
2376228
1852984
2281296
2549788
2041300
2215332
2414192
2346924
2229112
2317580
2326184
2381748
2460600
2118328
2165568
2408036
2325640
2228212
2512624
3988756
3566296
2444892
2593056
2252224
2217360
2458220
2049348
2201056
2210604
2424212
2647736
3424220
3343856
4521404
1755288
1629028
1750256
1368780
1105980
1453624
1404896
1682732
1275508
1384548
2506556
1965656
1317848
1216320
2351704
2811000
2095416
3592232
4415312
4873300
4812816
4727344
3911552
3549132
2786364
2199832
2769564
3767168
2190040
2164392
2151440
2264252
1793860
1746828
2758056
2156424
2141536
2274324
1820800
2265760
1965956
2343792
2357344
2335556
1906124
2011464
2421048
2443544
2338096
2532548
2421160
2398540
2548528
2455988
2609460
2529024
2625048
2693220
2322940
2463084
2579404
3556000
3766192
2493308
2903108
2356956
1835980
1823056
2238612
2302876
2223844
2444560
2106120
1894080
2067664
2312376
2501180
2187400
2132792
2269700
2719644
1796564
3168460
4412700
1726632
1855668
1849744
1695384
1308184
2125564
985020
1411508
1954636
1728108
1774172
1705092
1786192
1357208
1443484
2415328
2789864
2156572
2762776
4159740
4717880
4167156
4899912
4778344
4773664
3207472
3214916
2337768
2504996
2111472
2041328
2130288
1529880
1232820
2552976
1786320
1937728
1581468
2052068
1947308
2306456
1903748
1782020
1602036
1931376
1990840
1959312
1737756
2004816
1985560
2060940
2078936
1921968
1928480
2123844
3387764
3403128
1831448
2374388
1778692
1867328
1794464
1782752
1802384
1712336
1770772
1721852
1776008
1895636
2470436
3281936
2717928
4433564
3575828
2990900
2204856
2624696
2450112
2331324
2050396
1906800
2663624
2362196
2344376
2522516
2553220
2193264
2275244
2200660
1970408
2586604
2892060
2775100
2853900
2554076
2264692
2115584
2333256
2213704
2529448
2461344
2297056
2529380
2145940
2687784
2678076
4666072
1797712
1913388
1666404
1199876
2851672
2302260
2709356
3874840
4739888
5051232
4310812
3377020
2650176
2549492
2098212
2142328
2110696
1343116
2033820
1848896
2042500
2051660
1913316
1990356
1868108
2174120
2094800
2068364
2535144
1732456
1669728
1923232
1755436
1998472
1666664
1904456
2131140
2736956
2763300
4205620
3603492
3473256
2220244
2344644
2436364
2174428
1990076
1879736
2661408
2398936
2396432
2332316
1983460
2394284
2125736
2485492
2636480
2303164
2389796
2609012
2417436
2504928
2305644
2489524
2614136
2551416
2261336
2535100
2548068
2094224
2230768
2535468
3965612
1729004
1017788
1102572
1202072
1516424
1696768
1235536
2137876
2642348
2149368
3888588
4119920
4421400
4779580
4117016
2922340
2654860
2614236
2111096
2087704
1817836
1290752
2142028
1840252
2002828
1671480
2097560
1952312
2468196
2217800
1748888
1980256
1873328
2108864
1984184
2112996
1853300
1843996
1964252
1596428
1791808
3334196
2772264
4202824
3325840
3312708
2260476
2386868
2561296
2057400
1938520
1875424
2680284
2232156
2317952
2276716
1865776
2155504
2164156
2579288
2658440
2447552
2472232
2649000
2668852
2099924
2060288
2236524
2209204
2434576
2397876
2387364
2753596
2545440
2427096
2395948
4434164
2572172
2703876
2720872
2266664
2592388
2573384
2449592
2988752
3550056
3272392
1174720
1659668
1305112
1946452
2713572
2060760
3473724
4388532
4851276
5011228
2852040
2062756
3161988
3837160
2192312
2362204
2038092
2347460
2188332
1890696
2260648
2445352
2332628
2304832
2487288
2400016
2145636
2518572
1932796
2405968
2433752
2711348
2770592
2554836
2236720
2031896
2160076
2349520
2435540
2495148
2292624
2588508
2805500
3583340
2600652
1081172
1662076
1321364
1950676
2599684
2408364
4080124
4508516
4871380
3998664
3599416
2824060
4214312
3116396
2252928
2015684
2237812
2170056
1930260
1785020
2477032
2060880
2326584
2388248
2183636
2459556
2378436
2315740
2367884
2469692
2315940
2243480
2423328
2242680
2212316
2353996
2417316
3344552
2450152
1348876
1477392
2727592
2740280
4113452
4537188
4625388
3215428
2463180
3034444
3464352
2481448
2630696
2083440
2181760
2103272
1732552
1819176
2824808
2192972
2148648
2242692
2007708
2474980
2115308
2522400
2549724
2142348
2065824
2143676
2428824
2396108
2355512
2487352
2502336
2395664
2551100
2346488
2576688
2348044
2798892
2398788
2193436
2518468
4044888
2059564
1318200
1177324
1051300
1263124
1616364
1307768
1695836
2591348
2291528
3970008
4247424
4379492
4741232
4425436
3725352
2260912
2559820
2070768
2007516
2114356
1304296
2117280
1890300
1926712
1805816
1888252
1881964
2368744
2192264
1727288
1782868
1847848
1780112
2138076
1836624
1927468
1918116
2093592
2412856
1967484
2085672
1995176
2829896
2480484
3216608
4625312
2547948
2347168
2234476
2532988
2074752
1947360
2903304
2140536
2179788
2259268
2095252
2230668
2094668
2204544
2539580
2429312
2401764
2192676
2523996
2640876
2581636
2157892
2086424
2159344
2306220
2560556
2290588
2480096
2522544
2363560
2568128
3246976
4198800
2406748
2709312
1817084
2498464
2486216
3456040
3313692
4383484
1610032
1288588
1295540
1387356
1331264
1737180
1281052
1461072
2827516
2540252
2236308
4011380
4120776
4545880
4547004
3696720
3048004
2581560
3563816
3311604
2507696
2015636
2354844
2090860
1803144
1720932
2730416
2122748
2138648
2216284
2088364
2213584
2190548
2241252
2635584
2677488
2222828
2039220
2373356
2577140
2330012
2292460
2384712
2405032
2455888
2557084
2465836
2279736
2458700
2553736
2306948
2457304
4440516
2959264
2287780
2278996
2495816
2624612
2743624
2407924
4432176
1362764
1870560
1627680
1376036
1355136
1543340
1784572
1892044
1300568
1306372
2789716
2619528
2351336
3551660
4260332
4681916
5105240
3883256
3319632
2897724
2092584
3477556
3129352
2379792
2166252
2055044
2252696
2030304
1823760
2327084
2186096
2052404
2169708
2186212
2091108
2096796
2444028
2350776
1997512
2003960
2350876
2328600
2502820
2484200
2353424
2517788
2432272
3774140
1426984
1718160
1378028
1373788
1154768
1573080
1576348
2493764
2004008
3916940
4387240
5202076
4576452
3519224
2500556
2648968
3229672
3633068
2496544
2170636
2270132
2180264
2004624
1906376
2545356
1991092
2114812
2217272
2444960
2120736
2221888
2385152
2221768
1979200
2588880
2784372
2713276
2513564
2700052
2459780
2203852
2509936
2579356
2447376
2486240
2109856
2382956
3962100
1590360
1642588
1468676
1751880
2550376
2120428
3361940
4723104
4702288
4962204
3101236
2797384
3488940
3268992
2493580
2020092
2215992
2208200
2076136
1804120
2398712
2261224
2135076
2291684
1882980
2183656
2613628
2206860
2934284
2366880
2623448
2775076
2188352
2082276
2004184
2544000
2190472
2452528
2472296
2356552
2563576
2474780
2454792
2483004
2380720
3828008
3423280
2228896
2312756
2627244
2563088
2469952
2589608
1840816
2788064
1946536
3583424
3573204
1472452
1513000
1798292
1192784
1188732
1136256
1221336
1076612
1406668
1089040
1117572
1156896
1413852
1281344
1186408
1221592
1106576
1235920
1315332
1804940
1703336
1311088
1328916
2466840
2855368
2167372
2740860
3866856
4432944
4678816
4636712
4576524
3768084
3155988
2375652
2616736
2043544
2136056
2133648
1267468
1864316
2029784
1871544
1922268
1896860
1807848
2227496
2135936
2167656
1757388
2031304
1674840
2073496
1883388
2008652
1698892
1953656
1893784
2073604
2305920
3215900
2906108
1664828
1660636
2107500
1899252
2152860
2227704
3104732
2842852
4223644
3457628
3335792
2363772
2481544
2369200
2436092
2022708
1944352
2795364
2393840
2447488
2414352
2651956
1907816
2166580
2230704
1998120
2457360
2611884
2330996
2105968
2034736
2450876
2334032
2514556
2334168
2409524
1974024
2446424
2509424
2650512
2534172
2525360
2505172
2665060
2249792
2566256
2422620
2971016
4374688
1826876
1931760
1855052
1135532
1242068
1238768
1683968
1752620
1312008
2192284
2655736
2171928
3772220
4340528
4996560
4900524
4910196
4032448
3891696
2168620
2514692
2088216
2224120
2133936
1575740
1257944
2431832
1918684
2086328
1941628
1815272
1920196
1555580
2248272
1974140
1752388
1799776
2003676
1751504
1861268
1772020
1953724
1943876
2061316
1965284
2038656
2363500
1980552
1700492
3598284
2697084
4285068
3546928
3035424
2204044
2394020
2516340
2343824
1992492
1919076
2369220
2168864
2437472
2489952
2496388
2334176
2334324
2381868
2031444
2065140
2579560
2608824
2293436
2752876
2312408
2077960
2185796
2185376
2337300
2474492
2331772
2478124
2280020
2314560
2648472
3172488
2956052
1774692
1149232
1087092
1129704
1120468
1081276
1300976
1855424
1565888
1278296
2224744
2601692
2289116
3762460
4194204
4889488
4878812
5051684
3686796
2925864
2485660
2420572
2078744
1913508
2004404
1431460
2294576
1935692
2055972
1928936
2001472
1916388
2080772
1621564
2425296
1908068
2500532
2120984
1651456
1565216
2053600
1925948
1777480
1777860
1751420
1867812
2552824
2812236
3862724
3374632
3416088
2685680
2085080
2564936
2268532
1965132
2000112
2499552
2142208
2194420
2334832
2664272
2125292
2213468
2138740
2452620
2107288
2048900
2700608
2773808
3896624
1754340
1097284
1572784
1757524
2192216
2155168
3871756
4275408
5150688
4644740
4530704
2978132
2835752
2356348
2121156
2336472
1769868
1246988
2153304
1889976
2062588
2103268
1748892
1920424
2051552
1732072
2398968
2071040
2431648
2053232
3481920
3058008
3641472
2649020
3035484
2618268
1935504
1779412
1858760
2690596
2031952
1968768
2017548
2247740
2291848
2063680
2428112
2449836
2488972
2735432
2429408
2343280
2404508
2330756
2067464
2138476
2455976
2521436
2736672
3957884
2038040
1475468
2108716
2318688
2826680
4458400
4553904
4192332
3632584
2449208
2589224
2116840
2201800
1800944
1345068
2016076
1725576
1736984
2034632
1985352
1961108
2029396
1842020
1960332
1644340
2543340
2015988
1543908
1769436
1772436
1727788
2368708
2791840
3930004
3999076
2899036
2352200
2324396
2421132
2212752
1923932
2027804
2703924
2147000
2195288
2391664
2355720
2273896
2583616
2731244
2470268
1979352
2568364
2418912
2065156
2075552
2402912
2212532
2512640
2424784
2220912
2628812
2342236
1993840
1909540
2438448
2555932
4133128
1783228
1514484
1737792
1413280
1212516
1097512
1283616
1326812
1232592
1651044
1195948
1382272
1349212
1146752
1201024
1672396
1500040
1543144
3102192
2330932
2728680
3856464
4568860
4229048
4868704
4582416
3865504
2902820
2082788
2466872
2098360
2314372
2191904
1399304
1507772
2171708
2052128
1897576
1945920
1797964
1985376
1802484
1663164
2016848
1623976
1909160
1845720
1714108
1922868
1582576
2029920
1916552
1538020
2339764
2872984
2759472
4353072
3837672
2757536
2213604
1961720
2452020
2201592
1984492
1874296
2606144
2221132
2172196
2496480
2274916
2164520
2036844
2101892
2364300
2238424
2280340
3463904
1429116
2084012
1934984
3401004
3802996
4237840
3677856
2776372
2944928
2963316
3404592
2095396
2167664
2204184
2251096
1889680
1922956
2518892
2177200
2263340
2531032
2463664
2117308
2266996
2339548
1947168
2320968
2625612
2519284
2059256
1941564
2222848
2246148
2397788
2513148
2410140
2349652
2538900
2775884
2601520
2599256
4079044
2150288
1149988
1564268
1323692
2142456
2618880
2317340
4053784
4060300
4770608
4596772
3299456
2766228
3274048
3104656
3264304
2230664
2135032
2200248
2218104
1836400
1656336
2766236
2089244
2002736
2268064
1936512
2522808
2251492
2481736
2480148
2662628
2472924
2560392
2084900
2028892
2385280
2383812
2485000
2403144
2284500
2519292
2403336
2458688
2760420
2600092
2393756
4305288
2428684
2130540
2195292
2794828
2997232
3438376
1733560
1480216
1063580
1293416
1231880
1169604
1247716
1805724
1247896
1219040
2149764
2728436
2088048
3438800
3948612
4158404
4811480
4585396
4285516
3289192
2418364
2500896
2212500
1997888
2156452
1303936
1963360
2120248
1854648
1786392
1850244
1801584
2051712
2196348
2134704
1801912
2044028
1706076
1815864
1889384
1852724
1757240
1931072
1927024
1904856
2047248
2928868
3851776
1901624
1693980
2805928
2490816
3566712
3716572
3485704
2221208
2391220
2212648
2637928
1994836
1874452
2849120
2248960
2091664
2429876
2223752
2425256
2170024
2246408
2559080
2270100
2334136
2449632
2796292
2522204
2182692
1805516
2514304
2728724
3423300
1464048
1320124
1458796
1603548
966928
1103748
1150592
1202828
1256708
1200644
1331732
1172444
1145024
1348060
1793740
1215072
1262812
1227364
1643088
1878768
1271824
2561272
2422924
2674312
3374916
4712672
5051900
5151164
5263236
5188084
5141824
3414404
3041236
2634112
2567844
2360028
2195556
1924792
1177964
2515252
1911464
1947480
1667952
1961284
1923536
2371628
1997904
2057440
1927880
2254480
1525376
2524064
2879920
3350968
4396032
3194760
2240372
2549704
2441872
2111472
1868204
1799240
2912332
2279160
2078600
2093024
3004220
1915840
1309040
2101408
2687228
4114840
4621880
4644632
3489208
2764712
3360004
2986640
2605596
2025816
2126804
2203928
2124544
1786480
1806656
2734028
2418464
2378696
2465388
2436612
2054284
2172676
2251948
3176288
1394920
1641436
2637664
2994852
4068920
4787504
4606504
4815592
2943608
2753828
2413992
2039692
1966648
1997692
1415132
1979096
1861436
2092644
2027872
2014584
1833832
2257136
2822520
2044948
4496968
3702728
2586780
2348836
2183784
2079308
2210984
1873216
1751624
2651152
2115272
2198244
2118000
2327708
2021192
2275024
2337772
2037512
2476972
2422820
2598420
2557968
2432760
2328196
2532804
2313856
2396984
2272132
2492552
2355932
2544640
2457604
1992604
1976472
2203936
2482848
3715224
3586400
2633688
2653052
4168432
1896180
1134352
1258860
1741192
1569988
1279992
2437616
2491892
2349940
3482584
4331608
4856264
5038552
4637108
3902576
3207108
2358936
2597416
2133028
2120504
2105892
1656312
2068624
1788460
2098332
1937960
1969412
1946960
1863192
2013640
2142144
1995096
2082232
2091000
1919040
1896220
1937192
2120700
2072384
2552716
1816624
1659916
1810136
1535724
3406364
3208200
2717948
2801344
2565720
3335640
4599736
2395996
2272384
2142828
2469244
2225676
1961456
1880528
2756312
2254844
2547224
2426944
2452168
2285844
2408384
2247876
2165748
2565280
2818876
2381456
1981796
2204716
2229728
2449908
2461616
2363432
2362696
2553752
2754048
3858892
2259192
1342172
1555416
1367420
2712592
2234984
3275208
4330384
4725380
4345936
2950856
2262900
3172020
2562236
3188248
1565976
2189644
4057176
4120576
4766092
3163724
2603716
3877136
3063896
2585956
2118824
2233284
2299328
1737428
1769808
2366008
2446944
2241524
2353424
2471052
2363852
2262032
2317356
2257364
2038120
2529896
2279044
2737844
2681788
2406644
2669892
2021868
2203660
2543460
2455588
2585412
2009044
2131520
2439432
3336068
3707732
2388428
2380884
2524952
2492720
2505956
2248128
2169968
2196452
2247292
2235744
2396952
2305320
2240912
2236104
2191544
1977460
2238144
2290732
3040180
1865440
2967224
4642804
1551080
1325328
1326312
2024488
1049784
1426688
1394512
1495776
1155500
1210020
1342880
1136572
1172352
1200784
1162332
1603668
1536452
1298232
1271696
2030072
2583656
2504036
2249548
3362828
3841936
4909188
4607924
4789396
4882640
4837636
2829540
2994044
2029632
2456800
2069284
2205296
2177320
1390724
1218764
2279628
1910008
2031572
2093216
1833096
1729676
1714352
1826524
1682468
1732620
1923232
1601760
1999444
1814280
2208124
1934180
1567568
2016160
1817724
3779368
3038296
2009872
1842840
1879932
1963720
1700824
1717140
1574740
1528024
1851084
1882372
1585664
1715300
1540876
1494976
1706672
1897112
2685772
3195108
1872256
2568452
2778836
2456316
2922296
3281156
3560988
2220648
3226788
2700228
2410660
2092264
1931480
2385136
2364032
2183652
2442940
2437888
2282852
1965108
2270084
2416364
2032740
2409728
2465396
2725152
2701960
2631724
2605688
2099312
2420888
2420676
2655708
2571100
2317176
2359880
2923360
2418756
2145924
2146668
2260796
2574516
4681240
2022144
2031532
2339892
2177876
2442836
2890628
1875372
4039472
3057960
1286168
1343708
2328276
1112216
1011080
988804
1183460
1011068
1267204
996580
1164044
1051908
1112572
1141828
1069388
1134928
1420848
1226896
1739940
1489020
1912400
1814396
1297744
1285868
2305812
2825816
2134768
2369412
4211840
4292768
4660180
4869108
4664920
4888792
4967208
4725592
1846820
3406616
3049716
2501400
2577584
1999744
2263776
2018868
1410664
1948920
1779328
2013876
2220196
2059332
1821952
1983584
1552904
2246280
2016988
2230908
2119752
1923928
1809764
2021884
2027684
1891372
1935248
2185800
1618768
1685008
1747224
1694556
4039932
2542204
1980168
1763648
2315356
3097080
2662836
3147400
4950252
3057232
2164640
2584012
2470028
2113688
1988656
2382560
2609748
2188380
2427324
2643948
2353032
2200260
2291100
2204472
2030376
2580496
2702072
2605468
2748284
2615252
2052748
2430996
2373232
2496328
1881448
1898704
2264968
2228112
2274156
2188840
2111232
4396672
2615588
3169480
2857648
1084924
1191136
1565320
1286956
2076176
2630868
2245932
3861328
4066756
5049404
4755896
4530084
2974864
2609220
2582416
4277140
2614064
3246908
2848260
3213680
3198908
2150028
2054260
2192840
2163548
1887064
1764976
2672448
2027268
2119616
2127232
2418612
2245776
2362924
2500712
1929360
2322796
2597964
2764200
2601096
2677556
2577220
2119936
2350488
2556080
2385108
2366596
2060940
2039640
2284280
2516268
2021576
2434640
4056452
1826960
1670496
1262904
2599200
2224648
2970832
4177740
4371920
4209376
3496500
2578284
3213416
2685452
3377352
2011760
2352900
2308396
2002308
1869896
2565928
1687080
2081252
2392516
2394908
2372340
2094600
2308352
2460032
1907228
2415752
2488988
2753076
2546872
2732104
2585512
2433820
2624144
2369376
2353060
2241880
2632528
3697624
1329644
1583840
1235272
2660908
2381764
3164856
4536344
4158688
3676740
2786512
2566904
3150460
2987956
2481892
2381160
2269644
2091880
1862880
1937196
2509148
2103224
2302036
2358884
2573416
2215756
2308396
2375008
2302152
2116936
2530100
2594868
2618740
2616628
2613324
2452756
2455520
2459624
2616948
2512696
2570568
3506208
1990528
1610032
1144464
1554300
1732564
1536420
1781716
2391836
2099200
3934092
4017404
4621272
4857092
4864052
4782172
3686500
3536836
2488240
2415924
2061908
2230268
1938736
1379192
2073060
1775952
2013992
2001576
1828288
1964276
1884064
1508572
2333928
2031672
2154996
2107400
1915376
1703424
1854548
2204832
2188480
2799628
2473216
1815264
2646608
2576380
2316988
3011492
3152584
4207892
2459052
2442144
1628576
2480332
2255072
2071120
2013556
2831704
2109024
1940044
2100332
1747816
2298332
2044656
2365196
2576848
2313716
2302976
2206896
2109844
1866012
2280620
2183204
2353792
2428476
2433952
2242840
2479308
2412764
2652744
2461068
2922100
4414904
2413128
2578644
2380080
2337908
2701480
2703856
2331768
2243220
2377240
2205300
2196448
2319812
2254620
2357396
2322240
2480856
2033732
1972776
2520192
2712508
1673072
2294812
3443496
4506024
2641580
1504740
1363276
1354204
1377008
1283580
1866192
2105032
1081188
1089640
1111356
1149368
1105560
1173024
1275196
1245688
1292908
1331904
1127264
